100 60.247308453997
109 58.892068762394
120 57.4325105087
132 56.0375502249118
145 54.7115336822747
159 53.4546687508695
175 52.191512703834
193 50.9461154125113
212 49.791857292191
232 48.7189315655234
255 47.629384910031
281 46.5462618554643
308 45.5560942256076
339 44.5524445759408
372 43.6102862030103
409 42.6777113576601
449 41.7874978038471
494 40.9054572942763
542 40.0735894629191
596 39.246794163195
655 38.4494462548879
719 37.6850378413842
790 36.9353972202683
868 36.2077648018356
954 35.4991279929468
1048 34.814921390959
1151 34.152669892929
1264 33.5091946672646
1389 32.8809588463238
1526 32.2728526124891
1676 31.6847396285255
1842 31.1101426958802
2023 30.5571822116625
2222 30.0205964194486
2442 29.4974946543232
2682 28.9945146273731
2947 28.503937227911
3237 28.0339199212489
3556 27.5778283860037
3906 27.1380300571731
4291 26.713319296594
4714 26.3040165118439
5179 25.9104969472744
5689 25.5331380502815
6250 25.1710412911915
6866 24.8250360558108
7543 24.4950060227269
8286 24.1816612594618
9102 23.8850670185928
10000 23.6051026142589
